Batch Index,inference(ms),cuda_graph(ms),diff,inference sum,cuda graph sum
0,0.22789,0.320531,-0.092641,0.22789,0.320531
1,0.03173,0.107094,-0.075364,0.25962,0.42762500000000003
2,0.02416,0.067268,-0.043108,0.28378000000000003,0.494893
3,0.020278,0.023685,-0.003407,0.30405800000000005,0.518578
4,0.018583,0.012701,0.005882,0.32264100000000007,0.531279
5,0.018518,0.012178,0.00634,0.34115900000000005,0.543457
6,0.018771,0.011947,0.006824,0.35993,0.555404
7,0.01885,0.012122,0.006728,0.37878,0.567526
8,0.018538,0.011702,0.006836,0.397318,0.579228
9,0.018843,0.011603,0.00724,0.416161,0.590831
10,0.019215,0.011657,0.007558,0.435376,0.602488
11,0.019434,0.011714,0.00772,0.45481,0.614202
12,0.017971,0.011835,0.006136,0.472781,0.6260370000000001
13,0.018733,0.011732,0.007001,0.491514,0.637769
14,0.018431,0.013538,0.004893,0.509945,0.6513070000000001
15,0.018225,0.01235,0.005875,0.52817,0.663657
16,0.018286,0.011707,0.006579,0.546456,0.6753640000000001
17,0.018561,0.011768,0.006793,0.5650170000000001,0.6871320000000001
18,0.019678,0.011901,0.007777,0.5846950000000001,0.6990330000000001
19,0.018671,0.011811,0.00686,0.6033660000000001,0.7108440000000001
20,0.018214,0.011855,0.006359,0.62158,0.7226990000000001
21,0.018663,0.012298,0.006365,0.640243,0.7349970000000001
22,0.019531,0.0118,0.007731,0.659774,0.7467970000000002
23,0.018943,0.011743,0.0072,0.678717,0.7585400000000001
24,0.018988,0.011748,0.00724,0.697705,0.7702880000000001
25,0.019773,0.011847,0.007926,0.7174780000000001,0.7821350000000001
26,0.019048,0.011883,0.007165,0.736526,0.7940180000000001
27,0.018393,0.011788,0.006605,0.754919,0.8058060000000001
28,0.018441,0.011787,0.006654,0.77336,0.8175930000000001
29,0.018402,0.011721,0.006681,0.7917620000000001,0.8293140000000001
30,0.018631,0.011778,0.006853,0.810393,0.8410920000000001
31,0.018082,0.012324,0.005758,0.8284750000000001,0.8534160000000001
32,0.018467,0.011036,0.007431,0.8469420000000001,0.8644520000000001
33,0.020197,0.010811,0.009386,0.8671390000000001,0.8752630000000001
34,0.019044,0.010789,0.008255,0.886183,0.8860520000000002
35,0.019928,0.010908,0.00902,0.9061110000000001,0.8969600000000002
36,0.022267,0.010879,0.011388,0.9283780000000001,0.9078390000000002
37,0.018277,0.010931,0.007346,0.9466550000000001,0.9187700000000002
38,0.019008,0.010981,0.008027,0.9656630000000002,0.9297510000000002
39,0.018766,0.010831,0.007935,0.9844290000000001,0.9405820000000003
40,0.019955,0.010774,0.009181,1.0043840000000002,0.9513560000000002
41,0.020091,0.011742,0.008349,1.0244750000000002,0.9630980000000002
42,0.018917,0.011951,0.006966,1.0433920000000003,0.9750490000000003
43,0.019482,0.012185,0.007297,1.0628740000000003,0.9872340000000003
44,0.019045,0.011898,0.007147,1.0819190000000003,0.9991320000000002
45,0.019255,0.011949,0.007306,1.1011740000000003,1.0110810000000003
46,0.018878,0.011898,0.00698,1.1200520000000003,1.0229790000000003
47,0.019025,0.011902,0.007123,1.1390770000000003,1.0348810000000004
48,0.019411,0.011813,0.007598,1.1584880000000004,1.0466940000000005
49,0.018815,0.011822,0.006993,1.1773030000000004,1.0585160000000005
50,0.018647,0.011847,0.0068,1.1959500000000005,1.0703630000000004
51,0.018398,0.011783,0.006615,1.2143480000000004,1.0821460000000005
52,0.020943,0.011858,0.009085,1.2352910000000004,1.0940040000000004
53,0.024464,0.011953,0.012511,1.2597550000000004,1.1059570000000005
54,0.01884,0.011804,0.007036,1.2785950000000004,1.1177610000000004
55,0.019919,0.011829,0.00809,1.2985140000000004,1.1295900000000005
56,0.018533,0.011735,0.006798,1.3170470000000003,1.1413250000000006
57,0.01921,0.01183,0.00738,1.3362570000000003,1.1531550000000006
58,0.018584,0.011814,0.00677,1.3548410000000002,1.1649690000000006
59,0.019455,0.011791,0.007664,1.3742960000000002,1.1767600000000007
60,0.019048,0.012248,0.0068,1.3933440000000001,1.1890080000000007
61,0.018433,0.011892,0.006541,1.411777,1.2009000000000007
62,0.019832,0.011893,0.007939,1.4316090000000001,1.2127930000000007
63,0.019189,0.011895,0.007294,1.450798,1.2246880000000007
64,0.018781,0.012476,0.006305,1.469579,1.2371640000000006
65,0.018998,0.012128,0.00687,1.488577,1.2492920000000005
66,0.018808,0.012006,0.006802,1.507385,1.2612980000000005
67,0.018887,0.0123,0.006587,1.526272,1.2735980000000005
68,0.018638,0.011913,0.006725,1.54491,1.2855110000000005
69,0.018856,0.011897,0.006959,1.563766,1.2974080000000006
70,0.019639,0.011869,0.00777,1.583405,1.3092770000000005
71,0.018829,0.011937,0.006892,1.602234,1.3212140000000006
72,0.018586,0.011923,0.006663,1.62082,1.3331370000000005
73,0.019495,0.012048,0.007447,1.640315,1.3451850000000005
74,0.019135,0.012132,0.007003,1.6594499999999999,1.3573170000000006
75,0.018851,0.011882,0.006969,1.6783009999999998,1.3691990000000005
76,0.018807,0.012449,0.006358,1.6971079999999998,1.3816480000000004
77,0.019134,0.012111,0.007023,1.7162419999999998,1.3937590000000004
78,0.018939,0.011871,0.007068,1.7351809999999999,1.4056300000000004
79,0.018147,0.011869,0.006278,1.7533279999999998,1.4174990000000003
80,0.018768,0.011911,0.006857,1.7720959999999997,1.4294100000000003
81,0.018373,0.011975,0.006398,1.7904689999999996,1.4413850000000004
82,0.023514,0.075252,-0.051738,1.8139829999999997,1.5166370000000005
83,0.018107,0.012193,0.005914,1.8320899999999998,1.5288300000000004
84,0.018254,0.0119,0.006354,1.8503439999999998,1.5407300000000004
85,0.020519,0.011897,0.008622,1.8708629999999997,1.5526270000000004
86,0.018848,0.012251,0.006597,1.8897109999999997,1.5648780000000004
87,0.019193,0.012098,0.007095,1.9089039999999997,1.5769760000000004
88,0.018792,0.012271,0.006521,1.9276959999999996,1.5892470000000003
89,0.018888,0.011558,0.00733,1.9465839999999996,1.6008050000000003
90,0.018682,0.01094,0.007742,1.9652659999999997,1.6117450000000002
91,0.018805,0.011372,0.007433,1.9840709999999997,1.6231170000000001
92,0.019084,0.011005,0.008079,2.0031549999999996,1.634122
93,0.019882,0.010991,0.008891,2.0230369999999995,1.645113
94,0.018476,0.011001,0.007475,2.0415129999999997,1.656114
95,0.01925,0.010912,0.008338,2.0607629999999997,1.6670260000000001
96,0.018673,0.010918,0.007755,2.079436,1.677944
97,0.018728,0.010912,0.007816,2.0981639999999997,1.6888560000000001
98,0.018923,0.011729,0.007194,2.1170869999999997,1.7005850000000002
99,0.018555,0.012122,0.006433,2.135642,1.7127070000000002
100,0.020018,0.011327,0.008691,2.1556599999999997,1.7240340000000003
101,0.018862,0.010934,0.007928,2.1745219999999996,1.7349680000000003
102,0.018975,0.010949,0.008026,2.193497,1.7459170000000004
103,0.018492,0.011061,0.007431,2.211989,1.7569780000000004
104,0.022096,0.069063,-0.046967,2.234085,1.8260410000000005
105,0.024221,0.077762,-0.053541,2.2583059999999997,1.9038030000000004
106,0.01857,0.012857,0.005713,2.2768759999999997,1.9166600000000003
107,0.019422,0.011398,0.008024,2.2962979999999997,1.9280580000000003
108,0.018527,0.017023,0.001504,2.314825,1.9450810000000003
109,0.019529,0.0577,-0.038171,2.334354,2.002781
110,0.034962,0.085271,-0.050309,2.369316,2.0880520000000002
111,0.024086,0.086924,-0.062838,2.393402,2.174976
112,0.024802,0.013991,0.010811,2.4182040000000002,2.188967
113,0.025076,0.012801,0.012275,2.44328,2.201768
114,0.023737,0.01274,0.010997,2.4670170000000002,2.214508
115,0.024854,0.01277,0.012084,2.491871,2.227278
116,0.023852,0.012708,0.011144,2.5157230000000004,2.239986
117,0.023451,0.08209,-0.058639,2.5391740000000005,2.322076
118,0.022959,0.012849,0.01011,2.5621330000000007,2.334925
119,0.023188,0.012544,0.010644,2.585321000000001,2.3474690000000002
120,0.023366,0.078817,-0.055451,2.608687000000001,2.426286
121,0.022223,0.012893,0.00933,2.630910000000001,2.439179
122,0.022023,0.012497,0.009526,2.652933000000001,2.4516760000000004
123,0.022485,0.012243,0.010242,2.675418000000001,2.463919
124,0.023105,0.012308,0.010797,2.698523000000001,2.476227
125,0.023998,0.012467,0.011531,2.7225210000000013,2.488694
126,0.022697,0.012329,0.010368,2.7452180000000013,2.501023
127,0.023059,0.011933,0.011126,2.768277000000001,2.512956
128,0.023094,0.01128,0.011814,2.791371000000001,2.524236
129,0.023,0.011327,0.011673,2.8143710000000013,2.5355630000000002
130,0.024858,0.01128,0.013578,2.8392290000000013,2.5468430000000004
131,0.024569,0.011346,0.013223,2.8637980000000014,2.5581890000000005
132,0.02342,0.011369,0.012051,2.8872180000000016,2.5695580000000007
133,0.02338,0.011348,0.012032,2.9105980000000016,2.5809060000000006
134,0.023652,0.011329,0.012323,2.9342500000000014,2.5922350000000005
135,0.023704,0.011366,0.012338,2.9579540000000013,2.6036010000000007
136,0.024354,0.01205,0.012304,2.9823080000000015,2.6156510000000006
137,0.023094,0.012178,0.010916,3.0054020000000015,2.6278290000000006
138,0.023256,0.012367,0.010889,3.0286580000000014,2.6401960000000004
139,0.02362,0.012393,0.011227,3.0522780000000016,2.6525890000000003
140,0.023894,0.012324,0.01157,3.0761720000000015,2.6649130000000003
141,0.023713,0.012389,0.011324,3.0998850000000013,2.6773020000000005
142,0.024447,0.012254,0.012193,3.124332000000001,2.6895560000000005
143,0.02327,0.012362,0.010908,3.1476020000000013,2.7019180000000005
144,0.022739,0.012268,0.010471,3.1703410000000014,2.7141860000000007
145,0.024981,0.012428,0.012553,3.1953220000000013,2.7266140000000005
146,0.026073,0.012297,0.013776,3.221395000000001,2.7389110000000003
147,0.025638,0.012313,0.013325,3.247033000000001,2.751224
148,0.023613,0.012304,0.011309,3.270646000000001,2.763528
149,0.023044,0.012624,0.01042,3.293690000000001,2.776152
150,0.022568,0.01242,0.010148,3.3162580000000013,2.7885720000000003
151,0.022744,0.012494,0.01025,3.339002000000001,2.801066
152,0.022398,0.012457,0.009941,3.361400000000001,2.813523
153,0.023266,0.012437,0.010829,3.384666000000001,2.82596
154,0.02492,0.012421,0.012499,3.409586000000001,2.8383809999999996
155,0.023491,0.012293,0.011198,3.433077000000001,2.8506739999999997
156,0.023882,0.012345,0.011537,3.456959000000001,2.8630189999999995
157,0.025089,0.0124,0.012689,3.4820480000000007,2.8754189999999995
158,0.024328,0.013265,0.011063,3.506376000000001,2.8886839999999996
159,0.024433,0.01224,0.012193,3.530809000000001,2.9009239999999994
160,0.023867,0.01288,0.010987,3.554676000000001,2.9138039999999994
161,0.025083,0.011942,0.013141,3.579759000000001,2.9257459999999993
162,0.02402,0.011322,0.012698,3.603779000000001,2.937067999999999
163,0.023902,0.011406,0.012496,3.6276810000000013,2.948473999999999
164,0.02349,0.011366,0.012124,3.651171000000001,2.9598399999999994
165,0.024986,0.011356,0.01363,3.6761570000000012,2.9711959999999995
166,0.023306,0.011453,0.011853,3.699463000000001,2.9826489999999994
167,0.023554,0.011413,0.012141,3.723017000000001,2.9940619999999996
168,0.023281,0.011339,0.011942,3.746298000000001,3.0054009999999995
169,0.02339,0.012268,0.011122,3.769688000000001,3.0176689999999997
170,0.023639,0.012308,0.011331,3.793327000000001,3.0299769999999997
171,0.024058,0.012582,0.011476,3.817385000000001,3.042559
172,0.022455,0.012373,0.010082,3.839840000000001,3.054932
173,0.022232,0.012469,0.009763,3.862072000000001,3.067401
174,0.024586,0.012476,0.01211,3.886658000000001,3.0798769999999998
175,0.0248,0.012498,0.012302,3.911458000000001,3.0923749999999997
176,0.024301,0.012334,0.011967,3.935759000000001,3.1047089999999997
177,0.02301,0.012282,0.010728,3.958769000000001,3.1169909999999996
178,0.024382,0.012743,0.011639,3.983151000000001,3.1297339999999996
179,0.024055,0.012524,0.011531,4.007206000000001,3.1422579999999996
180,0.023552,0.012477,0.011075,4.0307580000000005,3.1547349999999996
181,0.02334,0.012426,0.010914,4.054098000000001,3.1671609999999997
182,0.023801,0.012608,0.011193,4.077899,3.179769
183,0.024321,0.012479,0.011842,4.10222,3.1922479999999998
184,0.023015,0.012446,0.010569,4.125235,3.204694
185,0.023487,0.012552,0.010935,4.148722,3.217246
186,0.023349,0.012505,0.010844,4.172071,3.229751
187,0.023124,0.012461,0.010663,4.195195,3.242212
188,0.02474,0.012463,0.012277,4.219935,3.2546749999999998
189,0.024784,0.012377,0.012407,4.244719000000001,3.2670519999999996
190,0.023313,0.012491,0.010822,4.268032000000001,3.2795429999999994
191,0.02315,0.012766,0.010384,4.291182000000001,3.2923089999999995
192,0.023341,0.01263,0.010711,4.314523000000001,3.3049389999999996
193,0.02362,0.085785,-0.062165,4.338143000000001,3.3907239999999996
194,0.023786,0.012966,0.01082,4.361929000000002,3.4036899999999997
195,0.022243,0.012376,0.009867,4.384172000000001,3.416066
196,0.022277,0.012399,0.009878,4.406449000000001,3.4284649999999997
197,0.022014,0.012283,0.009731,4.428463000000002,3.4407479999999997
198,0.022313,0.012322,0.009991,4.450776000000001,3.45307
199,0.022202,0.012401,0.009801,4.472978000000001,3.465471
200,0.024092,0.012439,0.011653,4.497070000000001,3.47791
201,0.023026,0.012455,0.010571,4.520096000000001,3.490365
202,0.023221,0.01184,0.011381,4.543317000000001,3.502205
203,0.023194,0.01127,0.011924,4.566511000000001,3.513475
204,0.023426,0.011312,0.012114,4.589937000000001,3.5247870000000003
205,0.022788,0.011319,0.011469,4.612725000000001,3.536106
206,0.024563,0.011428,0.013135,4.637288000000001,3.547534
207,0.023367,0.011379,0.011988,4.660655000000001,3.558913
208,0.022607,0.011359,0.011248,4.683262000000001,3.570272
209,0.023595,0.011357,0.012238,4.706857000000001,3.581629
210,0.023335,0.011367,0.011968,4.7301920000000015,3.592996
211,0.023142,0.012217,0.010925,4.7533340000000015,3.605213
212,0.024251,0.012493,0.011758,4.777585000000001,3.617706
213,0.0235,0.012439,0.011061,4.801085000000001,3.630145
214,0.022977,0.0124,0.010577,4.824062000000001,3.642545
215,0.023284,0.012478,0.010806,4.847346000000002,3.6550230000000004
216,0.02409,0.012463,0.011627,4.871436000000002,3.6674860000000002
217,0.023406,0.012396,0.01101,4.8948420000000015,3.679882
218,0.023615,0.012339,0.011276,4.918457000000002,3.692221
219,0.02204,0.012364,0.009676,4.9404970000000015,3.704585
220,0.022872,0.012402,0.01047,4.963369000000001,3.7169869999999996
221,0.02226,0.012432,0.009828,4.985629000000001,3.7294189999999996
222,0.022581,0.012758,0.009823,5.008210000000001,3.7421769999999994
223,0.003976,0.002389,0.001587,5.012186000000001,3.7445659999999994
224,0.002858,0.002255,0.000603,5.0150440000000005,3.7468209999999993
225,0.001883,0.000865,0.001018,5.016927000000001,3.7476859999999994
226,0.001501,0.001391,0.00011,5.018428000000001,3.7490769999999993
